$ANSIBLE_VAULT;1.1;AES256
34343965356337636439613363366133353834336235386265626238306266663639336430643164
3633353161643363326366616264653035386435643930320a663537336662386533303666326333
66303339333239346264326131333366623836393230623931366636313336396236333435383666
3864323438373832390a653935656664363831313661363837356238323838306239613664623935
39383664343763643433346536313133396439326565303535343634363765383935303466336634
62306266386533386362613439333132366362666230663964626539616164353030323538323334
63613463343264363736623132613531343437306239323135643938303339653934613334663739
30653131633933326566353230613564356138366234366435383133633539646535316631383536
38633735303965623764333962636563306336363637633033623837663161313662633832656239
32666334616462343233653037656635373566383765373235356536633663336566666366646338
32653637383536646339356330653235383466353564613638323062356638313233653336656634
61633634323566643731653361343934303138366330353164663833393261306266383465623139
35653737366538343535373430373364366237316136316566626262376332366534323863636264
61633831316131616233613339306561346537386637323837313961383634613233326333666236
64313566326531643431666538656663313766306537663562653865613530643935366661643633
30336361666362616338646135343330393964343232343239393138313531633364633430613230
31646564313234623739643636386661386535663735386365616162623766346136353939356465
38393237333666326436386437333839633632393638386133353635633666626565303765343136
31313138373130623961376233336237623266663931323839386635663663666665323365643763
33353434323239306438363764636532373232626636316433363238313963376336306238373762
33666637313232393966633531623663363032373534313634616234616363646432636535643365
38653662613733316339666537613465346335313263303235646630616361326439353734643038
64393061366664363039613431643337653439316565343463633133626162663631323265303266
31383561363366333631643937613839653637663738376537623438633831396238633836643535
62316535663863373861303930353439353361653532383562623434303161336165633734626338
33313035373235623932386437306235396662636664383334343433383336373132383531653566
35386435303232343833386635353238633765633732366131623930646535326533333061323262
61393230343466393166623438666465623436396662333939336263663934376530333063303265
35333030303164643963326431633031653762356565323265643234646566656664626238396135
36633466653835326232633931656364303736613935396430396130376663333162373532636431
33366637326133386461333863353161343437616236353532333139616561356633393961393865
61386166336666373430623730626661323266313466363435383731656536626461383565363762
32636135333435643037353636353138303430623261386133356131633131386239353135636136
66343264663365663831356335373662646133366463386636366463316134356339613632336132
33336533363139633935363963636130633937356262346463326462643232303162303636353239
35303135623665373539636331373231656133376538646339656264666139383266316133353161
35373865373466356461313034316633616432336630386266623130653231303833353466303961
37643261303534343331343634373565306265306639363937623530336132386463333930636132
31323831323738613034363930343533343338323733313231303831383931663230633165333862
37376161313065663465316330373434393964656632343735346361663132643533363238656134
63623061376231303365663365623635326433666131373438623034396235633837363632363430
35663338396335616562616531393866383938396537623730303133646639353966363134613663
30623166356135626363393261373833306135343234343864323665343662323839336663613666
63313562336165653334393261633863656631346130616637376335636363383137643539393130
34643433613461636137663561333437366437336130656339383037323139306335396530326333
66303632653532663132316339363766396439623934396639333236626338316135383031363431
64353665353863653765623431613832363639623435303839616435336166626430656566623631
64383131366263316436313839303563326134333763376363313633643832383130393731386339
63353466303165653961633963313962383430316233626333613236373339333365313634313662
31373938626539613333666331373965366464373261303662373131393132653532653230373136
62663536356266646136653562666161343539313731313764616263383338633438306137306432
33383562666630343864333730313336373236393234373830633364343031636266306630383738
3337
