$ANSIBLE_VAULT;1.1;AES256
61613431653231393731363132313164666233636566366132353830623435613763313665626539
3466376439303461313337356238616532373537323434300a383539666433323539623766353663
36353830363632396335396434393037393939653931643433353235623837323763316532663734
6232636662646534340a666566653330666462623030323437656434653336666365626239646663
61373430353839383835636339346261303363633963393536303039656235616162333234313261
34343732653632643535633533333434643231633564396231656461376362626338613038316232
38623761663566636662303662376432396461623761643939616633303963653439643931306432
35666534323538343864646430326430393736656235393562326363386135303636333236636637
35666230323337633433613063613037386333386136333135663831316430643166656364613862
39646164663930396563646462653730393737333536356662323664326534373030356461366132
31666436613038323134336336663664376334363136363734343935373765663432313265353336
39616161356362646437343636326465663634356466653766663261396164363632396436343432
32306639326634666161633436376433363334343963396639366235326232336264643765636336
61323238613263653464383364633633656538313739383363613463633563653766623339616430
61353964623261323239346561663830663837373933323831363032623263386133653837643566
65323132373336306433663465623238376561353136363764363839356531653363663038326239
30353563313635376137326238653239323135646664396535663030363766383639636638373333
32336433663735363865336439633566623766323637326631313330346135353463376136653365
39386337306365666530313932653664346138316534626330343736333433623334653736663334
35376663623662663565653161316466343037313635373465343738353833386338396161373762
64623466346263373930656533363165613235646461343131386330646435313335343530383730
66396333343632306231633363343962656164313436323965343363323534623736373762633435
65623839613662613463383934346139393365613131646361616539316532653232663736373230
64366537353766383334343865393032376232326261666330373861386233366533373137303730
34643361623236363863396233376139653336653762636634626362346430613832303761643337
66393530323333313731393863316338393539363736616236393433313062656134316363653663
61616238376630373333646231633031623962383466306338303430336137386438336363386632
66646631326133396331663536303964363832343738393139663165333166353066373962396333
30373539316533346364313361316464643330656366343835353637616436326239643161633430
31316236653935383763653363366666303431666430343862366461333837626638353361653737
39353564643262613936393337393966333436323738626236663036333039343565643133393433
33386363303439333566613639643461303663393363663565656133303962653434393661636666
64646330366130396432346463656365323262303561643233393262396666326139656431346561
64653633323838623463323039313563623836626439346466323765346662653166643466656531
66643365633561363738336563663834663339643431326133636136613264613665653536616330
38306634363133393262353262333539343033386536646161376636323136633862356238316135
36623539356131396166616134303262623366373865633430333863616438653264636539646338
36376337633738386138646361326235636266663530356532343563666465376465666433633137
63323237373033623335656536633066356463383962353034303061393064343736363732313565
36326135663033663233646130396262313139323538643065656230383864303063336562313532
63323864343535326430353139383833386136393364313130363161363232643936353561323164
61393464366337323862343335636239353464623164373664373833363638346536616364373638
34643663643538316433666638333765373335393333303131376330663132313432643164616162
64396633656335653462306366626238396366393239623839396235313861643737373137343034
61656464326439643033656363323264336234636237663466393264663564353136316630626133
39363865366362643332323939393033633666316639313037373965363434616234623939663432
62316666643465336235633636633964303932393230383138346335613730323833396162313134
36376332653935656333363030363633353738396235303231373866626638396566343837383666
65633530356361306639643564646232623862303661343238653563343239303131643734366264
38653566333235343334303934643335633066646131363566303538386362396237353962336538
30643132656138366366303665666437653935653637663039623539313639363264333066343133
31663131366562336432323335623662646266356139306632353232333863653530666233643734
30306437356339613362366436316264376537646430393965663863666264353131643237306461
65373833323737313539653637303231666138376538363966303761646137626437396637363066
35303533333666383931316532643965316130653266326234656438336530666533313562363763
31613261633232626261396664613363613163373062623835623131323139303661333865353662
30613432333130386635613036386530346263613639383861326562663836303361646238346365
36333132613234356337363033623535396434656532323938383732333862356630373338303439
31313766306535323636653437323262646639643565393266393936373235333134343030326230
30366166643432323830333164373432316464373737363766613036343238393436633066633262
31316466386234343462373139373766303863343230623637663161613936613237363435653438
35383362313233326662653139336634663232643762363731363962623263343365363461373961
65643234326538373966646564316361386466366161393238393339636335653131393338373866
65623934336561323962386333373438326164643037363637323261663334336134383664643866
62613734623938633332643035386336366665396365303564633666303035363733303737313064
38363362343033633365643733613432373438633261666565336265363732343935386461646431
31633433366539316538313165336239666638333535626230396337376139353764323431363964
34393238336334633936303064306661653233346237393136313131313339376237303463663838
30663764383933326334383837623132383031393963343061353637303734646164643963653239
31326134376566313132306661656662623339666130313730343566386330333737376539326461
65623563383130353436303033313866346138633831616535613039343235386134346132383234
32653365353163643961373332643536373138326265313366363734323833303866333730653862
61363938353566386363383730363232633234653430343736393963363366656162366531343336
37303239613639396637646163323532343838343166656431363733373336363863616266333064
61323532633435356665313237346562646266613136366562613336613433363730643665313134
61643762333066393762313330666533353966373964393633333835663339303531653137343039
34336132663733376134336463323739356139643164656665363265313030613434363937366633
39333832373230613661633430316331333035656561396239316564633335373434336534333761
32333438343736333439363464383232653230623435616237303361633838643261343830353162
37666432666663653730623061393564376531326235663065383836363732643933356363623565
61653562613534346464646136373765643663316137393466316165353537343766363935323734
37376132623036306137343632363238653165393965343835313530353331396532666138316338
65613630363666376665303439326566336130346130306138336564366161666631663236633039
66653361363164633937363461336664336338643962386430323631356433373561666338323163
32646361303434326361636162666238346534333766313735396538643164643462383835666366
63626133303462616266346661623231373761653761303332396531366130363434363135393732
38636662386233626365633934356232313661353365326335663361346465653262623562343565
30643233623764386461343837376338653735346137643865353939376166613635313433383034
66313034663662663330396566336530336538643635383630363864373432326437633932393939
37323431393537343066643561666637356361333566613839616130636432396336636539313731
38613733623363323334643936646261646165306630383563613361613637633564336438363634
62333636393338666139613634623161346231383265326361633234376563653461353836646162
32663838643864353832323465396164666334633737363332366563363535333039383839313465
31653162363834666134613339633835623438656561303135313934646137616332646234663331
64373633313830363131393363343165646536346135373238633235663535333130396465373731
61333931396231396561323661366132376162663938356465383436613639363133393033363535
33313438313836616464666435633430323462363433643236623135383035666638656437613137
34306661656137333034626633303465373837396162633537653463613962643038366463333261
62663636316638663935653339646338633133373364353039326664643431633337326535643534
66303865666163316638343836303632663531663138313236663664353363363433666466313735
36323132353137623234663166633336373239353731653436356631356337333866326339666633
61316434316262643937666335373930646263313531623064643132303964363939326461313535
31313333653130326236323565306664353238626166613235636566333132663761326530623636
61656664353161386564386139313366393837613337386336366231386466653461373364366638
30633130656238663937313830666638656536313136323936363837323530336133303735393165
65626235623135646265653261343365636539666335383231666261343133333363633466343830
35326138643133353033643634623832643563376564356163323834313866333630626364623036
36353535613263346563326664303230623634386165373866656533326131323436653230346135
38363331386663306536376663643936376465343461396265316234646438313962346233633335
35643466353263376465346232626533643736646437643333376530386534666539396436386439
64353933363830353035363661666631653339613530623562313335363765356262353366643038
38323031393065633963616564393231363265623536313632623539366532663264303366316539
34353231346339373765306338626530623434613638623664326534656565396330653335313631
36666630343239616237363862643639323638343035653134666335623765666635316163656366
30373934636436396534323463326164633438326562613134356339386462376138326432656164
30376430353765323063623438613865353339616537333533313635383231663162333039646263
31626663616236333231343030666435303431376638636334366437393033353737343231313862
31313163363436323562383037643433316530303965373762383430363933373232386634393364
33336530636662316361313065643735356636303038356330396263373163383864323038663161
64633539326136396437613166373431633965623736373739396139386630396566343932316134
31623932353231313539333763626130373631303734373165303838383861636163323032666634
32363633333139333335366433303937633230643265336132663737303435303430623566343830
62323938653966353831373165363561376664366462653430343865356262346166383133363732
38393565353339656236356666373164653333633864636665333565363265386637396266376663
62326632636635363831373834383737353261333638343362343139613731393831316465663766
33353233356331343235396335346563306462386461303931326263386234643763343761623462
38323433356233623162616539323966343362306230643534346639636130306339313662323365
65353238306565623461386265343063653862653661616130366566616630376564376462363536
61653332353436326635363761326435623039643966633035323166623166636338313164663835
62653861626130336536303662336132646262333630333932663236643838626663323335303736
38303337343661623133326337613135353035383763353133363633323164363934393939303530
61646233323262633766363230366362363039373338323735643937663662666333343566343962
63396366376233306132363633646639366434383366383038343636356236306538376635393465
62656565613262383836303765366665303966633564333435313238376562313136353061393630
31383166323532656564353063633833303166383832643366326134303264613761346466373565
66646266373732633633373766393039316363373534643365663361313262303631323465613734
38656361363866346532343733313031363765663330373839663765303366633737653836336166
63626466333035356636626631376438383665663562346265646132363765636263306461353239
30323334306332356266633930646433333339643337646562613838363338376164636133386136
35613663323564323735653532613064336535323865363131326634346236363862663464333533
64343834336665623833393635393439306537363161663661326335613035363732643064663937
35316230386435653637656535313230343430616235383361363833613730363139646661306538
32636134316563393935656535316363306665643663616137626432383466323963333332383164
38313134346463363933306632393462366431363933663138343033353764663437366334336236
32353231303464323139336132333038613339653238663561613730353632653232623437636536
64333432643365356466373337656464353765633664366264333638616365643431613634636337
34356533386235623035336232356562643137326633643462656231663264306235383130366138
31393639653732396465663464333835633666646233306362663230636538653736633239653236
34363937346339396337616563383637623637656139613331636536373037636161363363353234
65623162353061393634616439653931616133313962303433663262356236333438636234646538
65393264393564373632366439636264666265396365336233303839623938393264633266626133
34396237323234323163393937383037633034623562643737643937303439653534333864343162
66643065616261303665363235336630353536393932656431396536363335346533623733623835
64356363393630306430366136373463623032623531353633353632663565376630616665643431
63616532326365336136633138343566393733356164366538613435393563636639656532333734
36633461643333616337663662396630623863653037316437363965313363653865343463386266
63356538623263613831333431363633343164333134636137643532386534616138333463383362
30326630663664343862633037613864306461366433326162636339633239373136353961336132
62333033303563393163383630633637323933666638383031333061646664346536363339393233
33326664306666383732633861393666646630623065613461653732653563643333363338303734
31653562383462386231636464646565613862346130363636363462396535666462363161343838
63356238656437346538616333343939623466626364306131653165663730633431653839346465
63316235306661373162336336383462656265396466663035656635356564376661666533346133
34373836623662333636343634633236333634666435336266306530656133623933336233303139
62346366656563653666353962373236353631666266383662363461323331373839356531373964
36323662306136636236363435343862346261626165303835326364336238663634653333646561
34363663373836333539333064376431663939656236316137663864373134663838303738393536
33323462303836393231396439333638323438643333616230633338653266623235313366366564
34363435303036656134643463386237643561666434386336366635613937316261346230616630
31366430303964353763363139636639333865383932656661333865386431613132663965646331
61303837383764666662353563316136613230383632356561336633613231626564366265383364
30616539363439366263653965353366346631346336313136343566323037313630363832386333
39653266663335353537626463336133663565653835356338623865353938343033653634393031
65326561643861653665376566623336626331313439353836343464353965313763653862373066
30623065373463383533373065643236643930383166383561613131383235343433383430353465
61343832306263616466383036396535393435366337616532363537386135383031626533393731
37323263643638316333643131643832373336663366323134633236373732613265396131613439
64373838366466383064643636323338326266356435333232366437623566383361626232396231
63613537333030633665653439386137656638323338646364636461393663316533343365393137
39623730366637396639356534373464386537313464623163633366393938373661346666613164
39646164623562616565353335313130656432643932323539316231613963656337366537613865
65346437343830396663393239633038616139363264376664346134343334363838336565366265
31343963653636313330343964353633636163323038653434376133643435663431623166646664
31373237323239613532653137383836343633376439313839646664313833626434366434653032
63663934366437613535383662316136636165353231393766396164613766616132353634313730
32386461383535663432336433623763336539343730666462323862653564316139303762363433
31313932666163356638653833393861303938383533306431366234633331336261343365666632
35396237373139343239306537346437396463343664343565333830363939333036666338303730
31613739306532633134343336323334376234383735633961376664333130326339653439333866
35343764323035663938616461663062623334313735666665393838303031393439306563336263
66663131613131323163383031353836633134343536316637333939343064666431303434636162
38313761636265373964323236656535623932396565636631393730386130633633386263636461
65316636633531336235386264366462623938626630343331626539623362353166326231633966
30643839663938336233393934376365646334613761346135633363323631316662616632623435
61656433656165663839666138333765383831633034383337346437303732306133376165623537
32343532653538373039376632373733373364343838363937356431393434313965313165396339
39313833383230663566323734613435363265363465363735613131303263316465353637396634
31393963316565393339353235636466646331306635646639653831623937343766373238666331
34373832313538633134383161353063343866663038633035643138373533393165316139303039
37616563376130316337326465626231346566336230336230623665653231666331663431383663
35333737366461393764666262656263613932383262623565656238383165663731396135313562
63653039353063343961663032353362353063306338633365363631626436376435656430636537
65626437613831353738613262386432336164626335376134323366386433626539636233376364
37373236363534346262373464336334336265373639383966613331656163616362613136376362
32346335333538616565646565346536373964653661393633643964343162633331646634356265
36373066353064633935396561613236313536623334363130366435353431323264376236633765
62383830343366646530316661613933643537323736626531636161383632313530316138646265
66623462396663666230653336366461653739396634623634623661323632366165656538313630
36646263653738626162333333653735643032336663356136356366353832336639363933666236
37346332633231363530383039613339333033656339386261636232336134363436366566643365
61653030333264613562336163616130623861623936356164306466303636366262643539363536
38613035646135656630313930323564316463623137356530636239313062646533346231313233
65663266633233343265363234383261376263613238373231343239396138646261356465316661
61623931323333336638376631666563643837303934613630363364663435356633366565316238
64653132626130626261363361353061393464323038663231663437363330646236636334383937
62656662353364636536353063306235653432313562373633366535313063613734386439643862
36393838323665663339376634393632623161613134386336346238623737303666653562646561
37336536663735316433613837336637646433613266383532333239656564633433383033643633
31333731653335613662376561636164633435643432326465366535353332313235376365663763
30326463363233323036
