$ANSIBLE_VAULT;1.1;AES256
37336135663235666432613831313362356437643138323532313965363632333032336661663066
3766303638353734356264633365383330376239353163330a323030653235616539323439356361
63663233383765316631326532646331313938326463366664353066343638623261643664353333
3362656239353762300a356639376336333939626463363131343637353836663837393762343732
63363031643731326632373536376662386331306538333834613364346162336663343234376335
34336563633161656531643361656363626565313532623432326334356238666566653864653834
65333932616431333538306263643762633630666536323333313738633834366130373831653939
37666433383038613865353464356330646261373263613939393832353230616431666132313235
38376563633330366534623966623166356235323232613434343837666130323338343166386235
38366464616431646236646261323265346265376463656632373864393364393464313331656638
63386161316431346166346433636536633365343364316163333963636239383234633431623338
38656631396536616639613633363635323136303837353765346264316562363831303432643261
37353963623031303635343031396362393030643236656338343164363266636130393437353062
65626237326665653066383561353739636662323765343933373232616533616333343837396237
34336434306538663533656164646631363737356330376566626430656235343063613965393538
38376461646435353161666230636130643061636334386632303938633562376233623665363537
36666464366463383231616139623439393833383935333966323963663339353636623932373832
61613034656363656435356135383233386265313636653365343232363238663761326433363238
34393465626563336130366437653961613966363866343034613265633765343839306562666565
37373336613566303161383266373837383466386233353030636339636134653862613133636439
63383466306462373537326466393837343231333836303537623037663730623935333037346632
39316632303633613936353664623737336564363531613165343565336235306162333965343238
37623434653161393062316537353332303263336139376661396164346635373831656632663262
64663163383665326364616666306562623531393335643939646632663339613263613432633435
64313336323863333138303432383431616665613965636435376437653138383434323734353065
32616539626432633831303962376564346266386137363065633536363939386532356438373139
66343338383737346639313931303838316330393836316532363964383137646531663862303536
63663032346164326439353535313538343631313665376662346561636630346365393565373763
37633136356230613932333732313133353835366139616239356562643132313063323465653231
63393266653664363533326238636537366366373365356464303337613766623931336564326530
39373964366633353364313534313137363165383433636264663762623864343833313764626666
63656435393534643163383861373838613366323234643532393333323832346662383239313237
64353434313635373234396163616131636565303762666137386366383464393865613562363638
39316665653438383961346536363835663266613732313033623532616235633531303464623565
37306330323738656238636437623636656365336136376632643835363137343266363839356366
39663337636630636461353135323733343266343530616637353539343837613934303535656565
65626639363832623761316439656431316663336566323963383735633232303035326462643966
64663634303434303030393230396161663433386163306261663566356336333337663430666636
65336131633130643938313933326435373830303061396664396661663030313239363337386337
30663466616637613638316431633734373361386236653235626436346663613632316333393633
65366662666239353032646361343966363538623736616230323035616337303030643331363564
66643135616166326664306432646561393139303831653838633138306636623264346634646532
66316139316133653234316166386663396330393038646536316666326632386165643139633366
34613531363638656637383865346136323539323534323563663363393737326430306635393165
61373636386262373038343739373062353638613635633662333230303531623965373632646432
33366333373039663936623936613139633236626537623730386137616536653663386266383138
31396130326331363463633438303130613032663737646136623365666662383962366166636266
33356232326530656236303039326665353135353232323332613639336662353363616334346333
39396635613531656264346139376562316439646530613436303961356136363261316235613938
62343166656232623965383631633435336337376333653166666466393965653436366261656139
37306534323332353938396234316435386239336661363533613038313064393663656430356639
39323864653965346361373865646434333636663764303036386261306565623434626137353566
65363836363261396265616561303963663961663137663833643839333161353133323162336361
32303761383464666436643165343832333138333033303034373335316266336463393532363663
62316562613361643065343064303635373436363464363862353738363731313166323935343337
66643964373164633536333765373032393066313166613936333033376633333564316436666465
30373432333264366366616463386332666332623531653464653638343239663039306665643939
63366135393832316335623230353732666134623065366431636531666333643330373938343233
36333630623966363161653133343934333631646438616366613838323839663332613634616136
63376231366264386430333066363539653939323536386136626337356139353633623335663962
35376235626530323564333762323037653064356335633631656439383261666438376137366466
61333562393432313939343331396266366430306666656662313861663335646164306463353530
31653735653237323530633631356163396636383230313235666662626465653435396333623664
65383335326233323332373733306561653562656530363832646530366165343033636136663162
39626437343562313666343865303362393763643130336161303031303830663566656133353264
36303332646537333265646665363337376637613761393530373635653261356534343630353535
63653937633733363337626139383966316334656632356262646630376238363833346263626663
66386466323261343261356439323930363439633461386465653864646165623562643839376233
30373965613761383632373338363562366534396666623036303239623834393535
