$ANSIBLE_VAULT;1.1;AES256
62353666366438656236613835333963386439323839626134363763343235356135336231383663
6636666164646265613532386464656164376563346132360a393333613366333961663263373432
38326339373963393364346338316564646339363862306162363061663462653636396230636566
3964326430623831340a616134653330373266353761626438346137333636653532663334393237
34663437386535316434393435343061623032616233393130623333323732646532633032626335
35643732356161303565356331393937373664323561343633373735373436343535336664333162
39343562653335646532303732663233343738623839393433623464613135323839336638663465
36393863643330363765303039313731383939613461636338383666656135363962313365656630
30396464386530336534373139366366313336336533323437323563356539386433643035356231
36633031323832646433613933666433373437353662313961386135363266373164396562313366
65373135653165313936336431633134663966636631373161636230376338323361616563353130
36633039646565366364313530613032653063623633373039316534323464643632363231363632
66613233353966616333366332663538643266623033356238336163613639346633353438373634
61303661666135353764643565656637623564663339386362646538356238306637323733643761
32303139633631666433636564656336633534386336303430343863303336613264383831333130
31386436333539353465643632376532373662626230613166646361326266636434636463373464
38666637303635343838393734363765663738373366653663363538326161346230383932656236
39643839383230363462383136306134336531643334366563373261353836376639353734666264
62323161366164616631396264633739336566353932363630386663366463306533613732656166
37393136323737623836326165303932383735343862356131623539383630303462613662376433
63633733313564643131353232363439383336356531653064366265343832353531636334363866
35356166303766363530343239373830643938653362303033356665373331653731323938336265
38396136316138613836343039656263366230366431623666376432333235323666613434653637
38643534303164346662313662306531323232343731636134383035343636326264616265383939
33623331666264353632383765363164626565353463636336663134323234653731363738303535
30313932353039613835356430386638663237623931316361306333613539346436666266343235
64336335613137633365633932393131643462313364656437653433346337643631653636653961
64313566373732613432383636653636313839383164336265396230306638386530383933653165
63333538623266613861313534653062326532613734613065646364616136353835616164633339
63353464336537396336383634623534306538313833363637653236356432346365383436373335
36313364363033303639396263333531633737366431626364343734313331383463303561363761
64316133323963646334656531333239626233656638393537623630353630383537396162313466
30633832626137656364333665373237643734313131383434383334363662376230363165626332
65393361626338623662393739303263336361373263373030646535373031393830306538363365
62653166363963663632623130653233653062306334376633623235366630636532663164383664
65663638643338323961653131343131343463616564623032626263333635653639396266666262
35353866393835386639343766386638656230353966643930653662356132326133383933343036
64323639666466356561356435353237373732306161366136663636333061636436633233393238
65633161326461623134353633666532313261643633303762663234613334653331333832336536
38376637303661316537636135306239386465616630653361343633633966356263383066393431
33353535356362626264663634376232313635303164646637656532656330343437353764313930
36653230343366323439383066663939353438623166636666386536376234383236626631623533
31303563613265386134356537393461623966393431663032303032626562393239333939363166
63626439373532326464376166666633326635363338363862396538666539666530376665653862
31333832633938393430333961656432646264306534376534333631643030663431633839343165
61386631386162386364386463656565396461323939666162663231643532356330373430623263
61666331313562316538306130353136666438663338383065623635343634666464643632623564
63333632623835306635373633306537373439636531623638646136303535666365626465653236
64323131363239656538666663616337326161626333626338323233336435373862656538353334
64643930323864636438313266663032353331386232313632333433646438633464653530323333
39333063306639633238356266666538656538643132333737333639653234643936653638396365
63386466616265343566383932346136633838613736336537373834656437346465643762623137
64666337323335316538313539643437343432366362363637616530653536343436313962666133
34616233626361643933636435373562616363356237346332636462306265373531656633356234
61383936336363333864366662316538326537663161383361656238656134393236343839663035
36333034353130316163353637386535383037336430366363303163303238383233373064623062
33353433626130313065366237313034303630353563366337343133633930653837386166396532
61363237636339343430386539663231646661333437626638393165323039386633626430303062
36393765303666636439623263366363623330333133316439366439373236636232656530313039
33373463653265373736333132343566343162363766643265613938353931373964396630323936
66333739626532316530336439313937643765373730646565666139363562393764363630396134
30363962633639343666633638386133306465656530613163643964643736613933376630363237
30343934626138303134353935353664643231366332343230316331316334623830386263366265
37333433316133633265363637323434356162373039393862353336376662386334646239386261
65336637666537316538633333613435313239353865373164663237356363353636623064333037
64656161613437656664656634623530346533376634613739346135313265633963663338663934
39653630623263633835343137366264343339373165623066366161376562353836353565363266
35373438306536343936633937343563623531333139653937663561373665643361666631653531
39633864333834373735336433643636656165363361373334653431613537373462396462376534
37636634646465396564333839383236396264623037316438336663353130343636326533666636
32623438613733656361346364616163353330613637386634636638376337363238353939386433
37393962386438336164373463313935653139623038643937346236643161363834373565303237
36313233303838323533663638616439633839313935663266653766383831333638623830336336
66386466316263326539343430383965653136653639373139633963623332643864643533333733
62623734666465383632363737326136366563613337616132663135656330646231663966636565
37633432393133383935653538663232626134373734323566386433633565356436663763376134
30643466303865393036303333353332343131326339666236326130633338323933306539333136
30626637356462373935346563363330366361386637616461653635396164346463356231623830
63346163643039623564386466613562653730303636663634343830366234666435346231636537
36326134323737643730333936343466386132356532626664653735356637356237616135363530
31313564646133646563333436656130643561323231333031316561373865363763
