$ANSIBLE_VAULT;1.1;AES256
62313231663763613264623636386663653030383061363463363435383335333764383930393038
6666366631633864656364373765613631373261303638380a313037343563653239626337623933
62646662366563373138343830363738613231346139323632323162383234623761666631623135
6639343538643338320a363138316632353437643635333132616461643661626561363037383662
63653030363835346135316163646631336534376536356165333663346162313133666666316638
31383637386234643961376561313038636430643738303262643631353332653833373131396530
65383738353061313738656266333465376561373261366431636666396165653062326537653636
37313435333935336562653039386466613533313034336661626566656534643039353931326462
61666535626463393535663961393161633565336233306135333361343366643833346165326332
31343664633339613833666434633238653236383366653134326361343161666365336533633061
34323166376335623332626264636166663034646262636465373737383961623861333362626634
34393566376635396463313830393761666437333530633433656637663263373335323334626361
62356264336666663562393138626636343363313965306138613362333966646465393631636663
31376566623839613735306662333036636633616364386337383836306434643136646230383237
32336432623037613039366164366162313463336339666135656334623833363837313739383464
66343166396234613464646639316137356136306539353964613135376530346263363833653531
33326336333331343035613431333765656666346438643366343163383765343938333735393038
33386636396330393566323966346164313332323033613530336437333638616638306530363938
39663337313633663730636639663433613862303766323130303566323964386239623539613730
31393539613231323764353737313736646639343136656632346334333535646430326437326262
66633238636463666130316230333630333431343838363236646266383033353366666661326461
38666236303837373331353034643433303432343031333137373630646162383666636431666238
34653136396539643430636138623338626535303730613162303433626431653739666539313461
32626135383466396263613931393866633439666530343661333335613535616334643463353864
33643532353139643166366237343733616266373961303765336233363035626535633165616333
65323034316131616339363261633464393334346536383765633334653138366139343862353632
37666232363539303665333762323362633239356336366538306666386336353466643439613662
61663538333362376539333036393237313166633066653261323136333863316430616334373837
62623163393034666434383531346537616531643731623566393662326262623133383466646562
39326564376364323530653334383139353836323335653563616462653839336362396263393535
62613334326336303434343166636538303837353936343539383334643838633364373462343537
34303666326434306233386231323431386562613932313137326433613039353266666261316435
35333231623036333434393339356163313638306430313434336333346130623335646639323433
35303039626436323034313166333766663239663239386137346365393966393038303633646437
30336133366461363661346565643633613864376533366533623964646436353463373338303564
62313236646166333763373765343433373762396437383661616566313330373634396631396662
32323662333133356235623461336434363039643030666663313035323833316638343131376134
64396165323838363365623338363262643131363032393233616361383265396366316566336565
37613832356166303030633132386366346231353737376362633439323861343630616532313632
37313065373533346261363836613866646265653733373965343061626664333063396131616630
38343631316532303061386532343461613234353839626562653864326464303037323931663239
61353633623339623562343466663361393165613562616636383139643465623964393230376134
63343539643065366137636632343732343539356364646334616466656664623733633564313931
31656236646461623162623430306436303638396365333264626465313930316135373238303636
38316665326337386531666665653932643762316537316530383562653734373432646535663535
34306134363366366131303661613435643164633535393237643838386363626162306630393462
38323533616532306565666133343432383732646431656235643966313936366631613463653530
65363530613065306330626633323431366162323232643536353664653538666261633262623833
30383166646431353737616231393533653137376435393537373932663662376137303838356338
30626436643734653934643938303961616139363635326365303836653338613338633464643463
39313038363433376434346130663339346633656531613138613964303961333939376133623234
30346332393162316532666463373437356434316336373061653263353539383164323135343331
65303138643736356564366438303865613936643266363638346663343364326130366431646438
63393162613265333963383062386164666131356133353938663735366665303764666339383663
36616230306335313033373431346233316634323232336465633862316166346336613564636536
38356137353064376330373539613736386265623762643133373033393137346264346536396161
66386264383038643766633763653961336633316461613062663434363966373630653136363861
34633133303366353761636366373830333736356634326439303131613330383032646436396635
323862356635313936633762373266656334
