$ANSIBLE_VAULT;1.1;AES256
38373366343336366461343131663436366332393233326434666437326163383763316135356561
3332336239343032393232396164353261333133373638620a623732336263666130656238623931
38613331656262383530363263383832653239393338643533633663393535343266633834346566
6562613265363862630a373261393435623365363632656232643833316361386162613231313661
64346533343732396638303932363734666661616537306661326132636132626339653430303361
39633931366335303931633163313363316330613861393566623130613535626563643061623466
62316266613630313162363235666430353834636639353365653461653137663562653832643737
35623164323664613262353530666466643065336337653738313562373161613639613166323932
39653937653838326434643764383564376562343764633363366462366332333363633165306337
64373831653037323364346434386462346435666261653265366232303661613430616432363535
64373165623635613663613462323765623661306230626139653135353935376163353637633439
35393331366634373334653830303531386330623831333033383436373737333237366334396233
39326263346138343364313065626134626366653939663832353765616236613635356336333331
34316332616334663937306138626139343539373966613234623362393833356435383761303061
37303532616135306265306531353765643437646539383138613136363432653938643564303031
31636439646564313962373765353230323162373739376336346162626534633561653836666131
35396333323163663735383333373237316664346461303563326166326635336437663334376432
35666263313063313134623364363137353632613338303535333166343436303464363932363435
63346663326261326339303161326363313232366464326531643532356336353139653232646132
63656634653963373661373039633838646162366265656335333961653730633636656662343138
66393663613338626633613231333239336563386663613039376436353534663135336531373131
30373431306161313336326261666337386265336262393865643635653662636331323763393239
38353435636536323437363665633133666236373864306264666535396234393134626665616563
34326562386262633032336566373366643637323133616136663535386664666466363066636365
61363762643837666630363038656561396338653537656638616638373766386661383131363631
35663834643961303935373465663736633736623039626133353734643231666538316334306661
34356239393564333533363235666537346565333034646132346633623233323035346239643266
36323139653061666132343730656132646333333139653865303534356638306537363239376137
36353532343438333139396332393534353935356637393534353366373436653463333838643461
61613037393664613938663264316262333265383137353962353434636566633061666633616334
64316261306163343631346262353336366633613332383338303338393563636362616466313064
30636639646131633336346662366563343738346364353963373338356562623630386361383730
32306330383462386139646630383538623461323137316266333837643734333766323961613466
31366636623536373832303139616532656436393937643662646332346466643333633231316537
30613233666666643137343833613864623366393032303639366662383338366430396531386132
39396637323731386161393233353732306333396239643830333636663237663363373931626661
63373235623261613563326238333064363562616430303963383462653865613064376461633433
37633061353438656531383232303631643336303535353137653964383435636630373938353662
36353332636563613431326638366132323337356534656262353266386661363235656432373435
63653261623931303536626166346563633239623935313464303438313433633564666366323362
32376436356562346535643132316239633435646230353831626632393735343363303934363461
34353662623838333337386535656636656637666261626537383465633162333133613736323831
31353634613462656339356138376336396663653765393963313363623635313037366337336561
36303966303038383665653035653766366266316537373163383130326664343232313834353965
35636262353235633965636562366535376638383165333234643636613366326166356530383133
62383063386638353335623866343839643862663139333936633162323161366539633138646564
34616338643033363932326639336535626662633833383336336233346538633637306563633933
62613539366365326136616466313732656366626634396463396434613732323436313566333536
36616239316333303134663165613931643333333266313765323764346536383561353037396339
30316135643038666162353935306462393264316462356233616338353832326134396637626638
39366261353964633331613061343836323963313930623731653333383539373161373565393931
34613730313536313765383264333838313731376234666264366461326436383435316131393530
32313565383832616238353763323166653665343132393137323937653433386634373166653430
33643236643938376362336461633730306464386337353935323263646536396539323333646331
64633935613162326665623437616666313866323161306462636138303263303534313864623132
34633139353762383735653835643035633335656232636635663036326636666466653561313236
35656361303230646131316666303863393538373061653432623564616130363365393630656637
34643236393830356639313463356236383365363633656439613861636466343838663261613665
32326362646663626231643334393936376332373461636532643834303064336665383862343663
31313539373562386238653961333332336531303330353266616636633661326433663531353437
31363630333733613736666234353664313365396161316532656666653865383861383164393065
38373065323238303636643130616330323935613437613138616663623764623065353739653939
64653833666232323561653235356331393739383233393336303635353534663763323330343237
33653036613933353666636535323931663237336664393032306335636438396337633438623564
65396338323339393364666262613838646366366363313832323337376631363836353064316130
38383730643438646361343330333831393532353263336334356165373232333835633864653265
62303531663339646433663738363861366139303135373232323265336665346338336433343939
64643663383133643231333731396337643965363832343864393864393631613838353231386464
32316135376461656563363835343766316535353764646661656639666465343965313335313934
31613662623939323166333131383566653532633336333861653034326361633332323336393934
62616134396261613264346163306563353361356532303535663365343731643533653033333633
39303831396436336139613161316433626436373561623230336430653234666635663038663235
35653031666365656265316637626331343036393863633031303864623466666333623962356664
32356336373266326132366333653966656266396266373235383332636237383637636638653839
61303331656466623330653637633731646364386237633665343834353934366132333338303432
61663061316538333537
